670
0 996
998
977 993
997
988 995
994
992
970
999 991
987
986
973 984
982 953
969
972
964
963
947 932
962
960 956
954
936
951
950
944
952 943
942
939
937 929
873 903
921
924
926
923
920 915
913
896
907
905
844
900
899
912 894
881 967
887
890
889
888
880
891 885
879 858
878
877
870
872 862
978
971
836
867
864
945 866
860
861 965
981 927
820
847 857
853 856
845
855
800 846
841 840
835 837
795 813
832 833
989
831
830
799
814 825
808 990
797 817
979 934
802
812
922
983
966
777
744 763
728
770 805
712
803
761
801 794
775
792
779
723
961 911
729
739
968 796
765 740
755
771
726 695
768
756
743
757
760 737
745
675 751
746
721 664
975
736
706
707
735 930
679
725
935
958 918
974 662
708
732
714 703
654
623
716 697
594
718
704
677
645
588
705 643
688
661 620
663
629
665 701
686 681
559
674 689
671
648
644
670 957
617 615
641
616
619 609
650
576
610
653 985
573 624
612 625
627
638
584
555
549
606
622 571
933
550
583 566
557
613
614
553 581
516
562 572
541
570
525 513
546
567
554
938
925
949 882
509
561
543 537
479
551
528 490
539
533
532
481 547
458 544
530
480
976
534 524
507
518 522
502
955
468
500
511 459
435
452 494
521 471
504
499
497
475 482
450
469 928
433
508
488
409 437
451
457
470 980
456
472
474 401
485
462
455 414
467
415 388
416
931
869
454 410
463
447 438
411
444 461
941 434
429
407 405
372 344
404
436
382 443
408 355
367
426 424
393
394 916
300
959
413 376
387
364
348
910 321
815
391
392 383
886
423
296
302
389
368 422
381
350 386
275
365 371
361
370
402 336
260
349
287
339 373
305
352
330 946
893
292
272
251
940 327
329
341 289
347
360
247
254
895
852
281
865
320
345 290
314
307 318
216
301
294
286
149
262 297
273 249
165 231
906
155 892
821
277
313
242 270
897 227
285 263
252 304
189
150 169
244 259
243 157
265
202
245
236 101
917
145
187
256 200
228
217
159
908
197
241
183 199
137 162
51 147
196
124 204
166
109
181
188 156
807
827
182 919
78
898 27
148
129 901
179
826
914
125
103
219
88 80
818 173
139
211
208
3
195 115
114 138
154
201
133 134
108 146
118 91
9
113
127
153 151
839
786
851
34
834 105
28
106
87
167
92
948
31 774
130 94
38
81
89
144 40
70
41
44 52
98
111
48
874
875
843
99 93
120
50
72 824
32 769
828 49
23
22
11
90
67 816
823
35
83
15 18
904 868
5
21
30 10
838 883
850
791
25
4
12 20
13
26 8
19
849
859
772
6 582
719
747
603 753
754
784
884 198
646
790
810 595
829
804
687
684 631
536
492 668
758 95
672
483
730
632 234
733
652
279
710 630
171 759
46 909
789 590
680
396
658
667
787
778
819
288 466
702
225
741
698 676
343 598
767
586 585
421
876 116
848
218 657
682
806 659
334
577 385
605
863
724
591
255
762 752
514
604
596
811
717 788
209
720 487
575
776
773 700
766
493
248 589
764
669
809
637 64
678
871 399
742
545 793
203
628 660
442
65 224
439
785
842
611
267
692
375 683
854
206 71
311
229
711 715
556
76 548
565
750 495
503 432
465 563
205
626
77
473
406
378
193
369
126 600
140
62
560
428 478
722
579 542
283
230
580 131
666 496
73
727
633 635
257 749
529 119
176
239
738
261
782 269
780
634 512
312
520
284
316
601 66
425
128 47
55 280
29
649
531
636 54
693
656
446
647
552 498
460
324 160
161 271
655
526
694
240
403 102
685 338
61 82
163 117
7
328
564 69
184
690
325
464 226
309
441
342
621
353 291
640
538
222
599 172
53 175
39
24
359 578
235
45
519
232
37 417
136
43
592
377
346
540
215 168
121
220
602
333
298
597
238 143
213
713
731 59
112
568 57
293
310 608
194
84 798
734
237 266
331 68
822
430
85 395
357
63
191 673
535 36
274
574
337 781
453
246 221
315
142
709 250
16
135
323
332
506
517 651
100
178
17
501 185
210
477
177
